	gp																									
year	11	12	13	14	15	21	22	23	24	25	31	32	33	34	35	41	42	43	44	45	51	52	53	54	55	Total
	No.	No.	No.	No.	No.	No.	No.	No.	No.	No.	No.	No.	No.	No.	No.	No.	No.	No.	No.	No.	No.	No.	No.	No.	No.	No.
1980	260	103	91	53	33	22	24	20	11	17	22	14	16	17	15	14	20	19	18	14	12	12	15	24	24	890
1981	239	93	96	81	120	17	16	20	16	21	15	21	17	16	16	22	16	11	19	20	16	17	22	19	13	979
1982	227	106	113	87	105	24	16	13	17	23	16	17	19	15	16	18	17	21	12	20	12	20	17	26	11	988
1983	267	91	104	93	119	30	16	9	17	19	19	19	16	15	16	12	19	19	16	22	9	16	26	22	13	1,024
1984	186	67	136	90	189	24	14	18	16	16	24	16	15	14	20	15	16	19	22	14	7	24	18	18	20	1,018
1985	264	125	90	86	135	17	16	22	18	16	20	16	14	13	24	14	21	15	21	16	19	17	19	18	14	1,050
1986	272	149	105	102	160	23	18	12	20	15	20	16	15	14	22	16	18	16	18	20	11	18	27	18	13	1,138
1987	171	124	86	177	260	15	18	11	21	25	14	17	18	13	23	19	15	21	21	12	22	20	20	15	10	1,168
1988	366	120	102	130	186	25	13	16	14	20	15	17	17	16	22	16	19	16	26	11	14	21	21	14	17	1,254
1989	358	152	117	147	192	22	16	20	19	11	22	21	12	13	19	19	18	20	17	14	7	15	18	21	26	1,316
1990	557	144	109	64	69	21	16	20	12	20	21	24	17	11	13	21	14	13	21	19	7	16	20	26	18	1,293
1991	467	127	95	82	119	19	16	16	17	20	22	17	12	19	17	15	20	21	16	16	14	17	21	18	17	1,240
1992	314	139	101	89	172	18	17	12	12	29	21	21	9	16	20	15	15	22	21	15	16	17	27	21	6	1,165
1993	310	109	89	97	176	13	15	14	21	25	16	12	17	20	22	13	21	23	16	16	28	22	16	13	7	1,131
1994	182	99	73	111	331	21	18	15	14	20	17	11	19	14	26	14	21	18	22	13	18	20	18	20	11	1,146
1995	363	110	109	113	184	17	16	16	14	26	28	14	14	16	14	18	17	20	17	16	7	23	20	23	14	1,229
1996	261	139	136	130	192	14	12	17	20	25	15	11	15	22	24	20	26	20	9	13	21	21	18	19	8	1,208
1997	330	164	135	102	134	23	18	14	13	20	14	15	24	12	23	26	18	14	17	12	7	19	18	28	15	1,215
1998	265	161	110	132	116	23	16	19	13	17	19	14	18	20	16	16	20	13	19	20	12	20	20	18	17	1,134
1999	253	123	101	97	105	17	11	24	16	20	21	15	12	21	18	15	19	18	23	13	17	25	16	10	19	1,029
2000	179	132	106	103	63	21	14	18	20	15	19	16	13	16	23	18	16	21	17	16	12	24	18	17	16	933
2001	207	99	66	81	76	21	17	21	11	18	8	20	16	17	26	25	14	16	16	17	16	19	17	26	9	879
2002	191	90	59	46	109	22	14	12	15	25	13	22	17	22	13	18	21	15	13	21	17	13	26	20	11	845
2003	146	54	81	45	93	16	16	11	19	26	17	12	22	16	20	14	16	19	20	19	23	26	18	15	5	769
2004	115	44	42	61	113	25	12	13	19	19	16	17	14	16	24	14	24	23	14	13	15	17	20	21	14	725
2005	137	53	38	36	68	21	12	15	16	24	20	15	15	18	19	14	18	18	19	19	15	25	22	17	8	682
2006	168	31	36	36	20	22	19	11	17	19	15	15	15	25	17	17	19	19	17	16	16	17	25	11	18	641
2007	94	37	18	23	32	23	13	17	11	24	15	20	12	20	20	16	17	23	15	17	16	20	18	24	9	554
2008	96	57	37	15	16	27	17	21	11	12	22	25	13	16	11	15	17	16	17	23	6	11	20	26	24	571
2009	80	47	24	27	18	22	18	15	14	19	19	22	7	20	19	16	16	22	15	19	13	14	26	21	13	546
2010	52	36	32	23	24	25	9	14	21	19	23	17	15	14	18	16	17	17	20	18	6	27	24	15	15	517
2011	66	27	16	19	32	25	13	14	12	24	15	12	11	24	25	19	17	18	18	16	11	28	27	16	5	510
2012	64	37	12	14	17	27	19	14	15	13	17	23	18	14	15	16	13	18	20	21	10	15	20	21	21	494
2013	49	19	25	15	22	22	18	16	15	17	16	11	17	20	23	15	16	20	18	19	17	25	17	17	11	480
2014	22	17	5	18	37	13	15	12	21	27	18	17	16	18	18	19	19	17	20	13	20	19	25	11	12	449
Total	7,578	3,225	2,695	2,625	3,837	737	548	552	558	706	634	592	537	593	677	590	630	641	630	583	489	680	720	669	484	32,210

year	mccu1	mccu2	mccu3	mccu4	bmmcu1	bmmcu2	bmmcu3	bmmcu4
1980	9000	15000	31000	78000	-0.110	0.034	0.210	0.402
1981	14000	25000	48500	126000	0.016	0.156	0.320	0.534
1982	17000	33000	69000	169000	-0.115	0.018	0.170	0.350
1983	23000	44000	87000	218000	0.145	0.295	0.489	0.773
1984	31000	56000	114000	287000	-0.021	0.083	0.239	0.425
1985	40000	76000	141000	370000	0.091	0.253	0.395	0.617
1986	57000	93000	186000	492000	0.195	0.386	0.572	0.848
1987	119000	194000	358500	888000	0.341	0.525	0.689	1.009
1988	103000	166000	298000	777000	-0.274	-0.193	-0.115	-0.009
1989	116000	194000	346500	925000	-0.019	0.094	0.193	0.360
1990	78000	125000	251000	650000	-0.162	-0.052	0.041	0.148
1991	108000	182000	355500	1013000	-0.129	-0.016	0.090	0.229
1992	98000	164000	343000	934000	-0.093	0.086	0.212	0.377
1993	147000	251000	508000	1338000	0.197	0.349	0.484	0.679
1994	163000	271000	569500	1554000	-0.056	0.040	0.127	0.227
1995	196000	309000	609000	1641000	-0.073	0.014	0.107	0.221
1996	214000	358000	630500	1836000	-0.014	0.099	0.234	0.437
1997	227000	372000	666000	1848000	-0.064	0.086	0.220	0.402
1998	173000	281000	478500	1681000	-0.015	0.161	0.303	0.597
1999	230000	347000	650500	2023000	-0.149	0.017	0.165	0.368
2000	249425	406353	706791	2413277	-0.182	0.002	0.177	0.642
2001	150867	255376	508925	1471403	-0.221	0.041	0.182	0.399
2002	138036	228601	441864	1234432	-0.202	-0.030	0.088	0.229
2003	175109	304031	564667.5	1587656	-0.079	0.041	0.161	0.293
2004	183406	341742	623907	1942620	0.057	0.176	0.277	0.434
2005	227061	413559	779962	2233511	0.087	0.214	0.312	0.448
2006	227935	465530	965843.5	2590199	0.049	0.159	0.296	0.484
2007	177520	359259	790708	2233518	0.065	0.202	0.330	0.503
2008	127471	267367	604742	1567695	-0.441	-0.261	-0.071	0.101
2009	133133	313700	726038	1941650	-0.372	-0.192	-0.047	0.146
2010	140357	332820	811230	2315146	-0.032	0.150	0.301	0.512
2011	157016	345640	830038.5	2209539	0.063	0.190	0.306	0.568
2012	153476	418921	992668	2642486	-0.207	-0.062	0.040	0.176
2013	196759	541343	1228124	3247373	0.017	0.181	0.359	0.579
2014	187654	496688	1080246	3342415	-0.052	0.067	0.145	0.266
