	gp					
year	1	2	3	4	5	Total
	No.	No.	No.	No.	No.	No.
1980	548	91	84	88	87	898
1981	661	95	81	89	85	1,011
1982	672	88	89	86	87	1,022
1983	700	88	87	88	87	1,050
1984	714	88	87	88	87	1,064
1985	758	89	88	86	87	1,108
1986	886	89	86	88	87	1,236
1987	987	88	87	88	87	1,337
1988	1,085	88	87	88	87	1,435
1989	1,108	88	87	88	87	1,458
1990	1,048	88	87	88	87	1,398
1991	995	88	87	88	87	1,345
1992	911	88	88	87	87	1,261
1993	881	88	87	88	87	1,231
1994	964	88	87	88	87	1,314
1995	1,017	88	87	88	87	1,367
1996	1,045	89	86	88	87	1,395
1997	1,040	88	87	88	87	1,390
1998	1,007	88	87	88	87	1,357
1999	910	88	87	88	87	1,260
2000	755	88	87	88	87	1,105
2001	669	88	87	88	87	1,019
2002	586	88	87	88	87	936
2003	507	88	87	88	87	857
2004	449	88	87	88	87	799
2005	412	88	87	88	87	762
2006	361	88	87	88	87	711
2007	276	88	87	88	87	626
2008	255	88	87	88	87	605
2009	223	88	87	88	87	573
2010	192	88	87	88	87	542
2011	195	88	87	88	87	545
2012	181	88	87	88	87	531
2013	160	88	87	88	87	510
2014	143	88	87	88	87	493
Total	23,301	3,093	3,038	3,076	3,043	35,551

year	mccu1	mccu2	mccu3	mccu4
1980	9000	15000	31500	78000
1981	15000	26000	50000	128000
1982	18000	35000	71000	169000
1983	26000	46000	91500	218000
1984	32000	58000	115000	292000
1985	42000	79000	145000	381000
1986	60000	101000	193500	497000
1987	130000	208000	403500	977000
1988	115000	173000	321000	853000
1989	126000	210000	367500	985000
1990	86000	140000	268500	728000
1991	128000	212000	437000	1055000
1992	105000	182000	385000	955000
1993	162000	266000	526000	1338000
1994	180000	287000	604500	1562000
1995	212000	334000	697500	1671000
1996	250000	406000	798000	1957000
1997	264000	429000	751500	1981000
1998	207000	330000	605000	1817000
1999	270000	409000	801000	2347000
2000	309037	467256	931543	2700247
2001	201063	319578	601552.5	1702979
2002	157104	258976	470148.5	1340281
2003	189807	337988	597040.5	1627500
2004	223243	380862	683594.5	1983989
2005	266834	501711	906098	2279198
2006	306202	554001	1075337	3049255
2007	241836	500408	945270.5	2471858
2008	150726	303337	637770.5	1746965
2009	139419	318143	750234.5	1989202
2010	159859	370378	901942	2397016
2011	172208	368029	849866.5	2232516
2012	190385	478258	1069306	2830951
2013	241797	590152	1308673	3434882
2014	260290	606678	1177816	3462749
