	gp										
year	1	2	3	4	5	6	7	8	9	10	Total
	No.	No.	No.	No.	No.	No.	No.	No.	No.	No.	No.
1980	159	104	84	48	82	81	81	80	90	89	898
1981	162	120	67	61	122	80	96	108	95	100	1,011
1982	150	117	85	91	88	85	100	102	102	102	1,022
1983	201	81	49	93	104	116	93	103	105	105	1,050
1984	157	75	111	112	78	112	101	108	104	106	1,064
1985	127	115	131	83	99	117	106	109	111	110	1,108
1986	159	111	120	113	128	116	120	123	123	123	1,236
1987	159	122	127	140	125	130	138	129	135	132	1,337
1988	173	145	133	126	144	144	142	141	144	143	1,435
1989	150	144	153	159	126	144	146	145	146	145	1,458
1990	148	154	152	127	130	135	136	138	139	139	1,398
1991	150	127	157	114	138	128	128	134	135	134	1,345
1992	172	88	132	122	120	123	127	126	125	126	1,261
1993	139	118	124	121	119	119	122	123	123	123	1,231
1994	150	116	138	131	129	126	130	132	131	131	1,314
1995	159	126	136	132	133	135	136	137	137	136	1,367
1996	153	128	142	141	135	138	141	140	139	138	1,395
1997	157	131	134	137	138	138	138	139	139	139	1,390
1998	157	116	141	136	130	136	134	137	135	135	1,357
1999	139	124	116	125	130	122	126	126	126	126	1,260
2000	111	110	111	110	111	110	111	110	111	110	1,105
2001	102	102	102	102	102	102	102	102	102	101	1,019
2002	94	94	93	94	93	94	94	93	94	93	936
2003	86	86	86	85	86	86	85	86	86	85	857
2004	80	80	80	80	80	80	80	80	80	79	799
2005	77	76	76	76	76	77	76	76	76	76	762
2006	72	71	71	71	71	71	71	71	71	71	711
2007	63	63	62	63	62	63	63	62	63	62	626
2008	61	60	61	60	61	60	61	60	61	60	605
2009	58	57	57	58	57	57	58	57	57	57	573
2010	55	54	54	54	54	55	54	54	54	54	542
2011	55	54	55	54	55	54	55	54	55	54	545
2012	54	53	53	53	53	53	53	53	53	53	531
2013	51	51	51	51	51	51	51	51	51	51	510
2014	50	49	49	50	49	49	50	49	49	49	493
Total	4,190	3,422	3,493	3,373	3,459	3,487	3,505	3,538	3,547	3,537	35,551

year	mccu1	mccu2	mccu3	mccu4	mccu5	mccu6	mccu7	mccu8	mccu9
1980	1000	2000	3000	4000	6000	9000	15000	30000	77000
1981	1000	2000	3000	4000	7000	10000	19000	40000	102000
1982	1000	2000	3000	5000	8000	13000	25000	58000	147000
1983	2000	3000	4000	6000	10000	17000	32000	72500	180500
1984	2000	3000	5000	8000	12000	21000	39000	83000	237000
1985	2000	4000	7000	10000	16000	27000	49000	97000	277000
1986	3000	5000	8000	12000	19000	33000	56000	112000	302000
1987	8000	13000	18000	28000	43000	67000	110000	204000	559000
1988	6000	10000	15000	21000	33000	50000	80000	154000	428000
1989	6000	10000	16000	24000	35000	55000	90000	170000	477000
1990	3000	6000	10000	15000	22000	36000	65000	126000	372000
1991	3000	6000	11000	17000	28000	50000	93000	204500	638000
1992	3000	5000	9000	15000	25000	45000	92000	196000	620000
1993	5000	10000	18000	28000	48000	81000	141000	292000	1010000
1994	7000	14000	23000	35000	56000	85000	149000	287000	935000
1995	7000	15000	24000	38000	60000	94000	160000	315000	1045000
1996	8000	17000	27000	44000	66000	107500	188000	372000	1086000
1997	9000	18000	28000	44000	72000	113000	201500	385500	1074000
1998	8000	15000	25000	39000	65000	99000	168000	319000	871000
1999	9000	21000	32000	55500	90000	146500	255500	436500	1361500
2000	11712	25704.5	49279	78108	123014	200266.5	331523	599723.5	1755296
2001	9161	20175	34343	58279	92003	147076	251184	481604	1407734
2002	7711	16928	27672	48097	81913.5	137428	227396	441346	1257665
2003	10927	28148	47955	80132	133653	197258	342928	606493	1636102
2004	17110	41150	67250	106520	164347	261562	441549	828426	2107828
2005	26848	57570	95990	147309	227129.5	381234	598061	1117991	2716630
2006	28471	66661	116940	183074	298155	470087	787129	1441772	3581690
2007	32703	77278	134880	202040	334665.5	535314	860404	1707671	3540597
2008	19666	50143	80271	137024	221614	367321.5	605772	1087688	2716910
2009	14177	42337	81149	150112	276006	422071	795412	1353707	3230402
2010	21960	61854	122599	217724	341764	554095	985580	1822406	4088839
2011	24035	62249.5	128714	209714	347740	576182	944010	1622552	4231065
2012	23980	68179	148522	274768	446820	716502	1196681	2163050	4912103
2013	35447	107211.5	218023.5	363386.5	622042.5	897467.5	1559750	2803982	5788160
2014	46266	153108	270355	443267	669223	984773	1472433	3045533	5673607
