month	S1	S2	S3	S4	S5	S6	S7	S8	S9	S10
1980m10	.02916821	.00209617	.02555065	.02053855	.00550704	.01860326	.02687895	.04573354	.03004401	.03387058
1980m11	.00326565	.01015278	-.02184014	.02047326	-.00518236	-.00316505	-.00382716	.00504241	-.00034008	.00166287
1980m12	-.0101867	-.02512122	-.01474491	-.04511175	-.05311048	-.04013194	-.0265367	-.04600812	-.02838483	-.04209553
1981m1	.0321007	.01711067	.01980873	.02310374	.01831955	.00385237	.01660736	.02134015	-.0198344	-.0055816
1981m2	.02994183	.03840087	.05174385	.05922275	.07096856	.05399218	.06376821	.07655682	.10618328	.0788195
1981m3	.05750429	.05442409	.09570965	.07129863	.08347135	.07436306	.09355828	.0899711	.06026241	.04369592
1981m4	.11576086	.13445016	.09949669	.07102588	.09963423	.10157342	.08065657	.09958334	.09831502	.09071713
1981m5	.0059355	.02598366	.01332925	.00492194	-.00589009	-.01721029	-.00398668	-.03404564	-.05241593	-.0577502
1981m6	.02364256	-.00302441	.00554034	.01627924	.01908763	.01109437	-.0164077	-.00723576	.00149919	.01737233
1981m7	-.01002804	-.01810047	.00992958	-.03144902	.01190318	-.01391878	-.01042411	.00002552	-.02327454	-.01259143
1981m8	.03703597	.0379989	.03088614	.04658618	.04315704	.03267101	.03981424	.03987831	.05914482	.05645781
1981m9	-.11410305	-.11433723	-.12758286	-.15568676	-.14637051	-.14285037	-.1569718	-.15677148	-.17279929	-.17285043
1981m10	.03781916	.00980018	.02127414	.01988267	.02336745	.01673073	.02599711	.02279994	.02563177	.00932247
1981m11	.05352653	.06182334	.05957614	.02935513	.06679489	.07774289	.06961875	.10334683	.12306946	.12622863
1981m12	.02023175	.03482482	.02419632	.04850924	.03157135	.04014306	.02379761	.02215887	.02007399	-.00065281
1982m1	.06062589	.06101627	.0682113	.06291764	.06382031	.08135336	.08958135	.08585025	.08064445	.07755609
1982m2	-.00041425	-.01918691	-.00929303	-.02416519	.00402631	-.00169566	-.01116648	-.01755925	-.02483146	-.04063758
1982m3	.01843141	.01014874	.00057849	.03564675	.01471542	.03364728	.0357592	.03100048	.04952362	.04353821
1982m4	-.00649616	-.00902341	.00670229	-.00353284	.00198032	-.01019289	-.01111793	-.00115112	.01541727	-.00685144
1982m5	.00798266	.02251205	.00673289	.02231969	.01620315	.04043928	.01980456	.01733899	.01382145	.02868743
1982m6	-.02067711	-.00095823	-.0218178	-.05282572	-.03463424	-.03601814	-.04630364	-.05353284	-.03647196	-.03880323
1982m7	.00699319	-.00147587	.00141313	.01849472	.00143724	.01904748	.00442108	.0283872	.03601312	.03132902
1982m8	-.02119392	.00160342	-.01174575	-.03482294	.00130566	.01371239	.00977408	.00845685	.02533173	.03991237
1982m9	-.00744719	.02787118	.0008403	.01697951	.01207701	.02047292	.02147843	.03088566	.0280917	.02369264
1982m10	.06307544	.0142589	.00178693	-.00260619	.01088537	.04106154	.01224531	.00981362	.03648493	.01800018
1982m11	.11766769	.08904896	.05509264	.04013309	.03805227	.06149461	.06191359	.04560371	.01804934	.0398681
1982m12	.06285912	.01485174	.02677938	.01467584	.00263145	-.00068917	.01947577	.0112695	.0216755	.01880871
1983m1	.087527	.07238271	.08262662	.05627041	.05687468	.06006559	.03607914	.03610797	.04708645	.02785328
1983m2	.07578136	.03684114	.0375057	.07340552	.05224007	.03777029	.05008383	.02679877	.03708231	.0319051
1983m3	.04192703	.03062318	.05976955	.0533009	.02290446	.04132873	.04214185	.04191958	.04814481	.0306651
1983m4	.09443892	.08593758	.04949535	.11137902	.08942977	.05779581	.04306682	.05624855	.07825495	.0627476
1983m5	.0216748	-.01598775	.03418113	-.00522839	-.00887595	-.022416	-.00219077	-.01231214	-.01060436	.00860604
1983m6	.04737907	.0419704	.02001641	.04654668	.03961645	.01166383	.04715948	.05161569	.05193513	.04780053
1983m7	.03214062	.01788649	.011967	-.02032205	.01628589	-.00373849	.00747314	-.00698534	-.02676435	-.01872847
1983m8	.06927967	.07383237	.01713976	.03743516	.00550296	.02204417	.01152531	.01915657	.00916831	.02466351
1983m9	.03849754	.00133138	-.00311705	.00746785	.00913214	.0067413	.01069251	-.0133366	-.01330231	.000432
1983m10	.0265886	.01316803	.01828183	-.00412829	-.01080809	-.02986894	-.00874346	-.00887249	-.02323053	-.00663659
1983m11	.07992593	.05692915	.0825826	.05337705	.04645537	.02168978	.046083	.05558926	.0551598	.07077559
1983m12	.04839222	.03891358	.01154873	.03414904	.04339759	.02007282	.01976245	.04736988	.03906779	.0335976
1984m1	.1122258	.05603542	.08572787	.08021344	.08204522	.08841822	.06582012	.0682427	.09085708	.06888346
1984m2	.05493189	.05915136	.06389439	.03726295	.02615138	.02678966	.02014187	.01445693	.00117628	-.00262623
1984m3	.03901546	.05723206	.05004744	.05217533	.04369946	.04263431	.04258412	.05473457	.03778227	.07431124
1984m4	-.00434816	.02570097	-.00355637	.01580703	.00402559	.0142363	.03024471	.01959066	.02881936	.03184606
1984m5	-.06106241	-.07034113	-.09390323	-.04775155	-.07372686	-.07955263	-.0818437	-.09312306	-.11355688	-.10787887
1984m6	.02493142	.01160324	.031633	.01956107	.02665469	.00909014	.04027466	.01973919	.02133414	.02382902
1984m7	-.03519594	-.06578341	-.03610275	-.02786173	-.02881319	-.05720572	-.03232769	-.02905734	-.01976091	-.02236742
1984m8	.03441477	.06381873	.06936921	.04032148	.05248744	.07597469	.06987781	.1100988	.10018048	.08721561
1984m9	.02152985	.003246	.00432509	.03384157	.03492631	.00068414	.03334664	.02054767	.02264839	.02685824
1984m10	.03013482	.03996069	.02875308	.01113831	.00901861	.038536	.03317181	.02244616	.02297561	.03935096
1984m11	.01796644	.0133592	.02838748	.02032538	.03968208	.04559192	.03487881	.04456563	.05563365	.02945923
1984m12	.07290866	.05119908	.01344692	.04531251	.03584638	.04631996	.04024878	.05110157	.03837847	.04865356
1985m1	.03210441	.01201842	.0337709	.05032729	.00156358	.03638978	.0267197	.02377964	.02322739	.01838475
1985m2	.04153633	.04840661	.01023921	.03776822	.02885675	.01685116	.01938833	.01438281	-.00032784	-.0136697
1985m3	.06542317	.01337305	.02100532	.04736504	.01821767	.04628304	.05761268	.04168134	.03838016	.02300569
1985m4	.01955176	.04228591	.03070677	.02459128	.02362976	.02717207	.00369197	.01589685	.00772935	.0236621
1985m5	.07491439	.03185635	.03425234	.02334511	.02765799	.02195141	.03260043	.02030006	.02329195	.02949517
1985m6	-.03668839	-.0575441	-.01801397	-.05063091	-.05705584	-.04628624	-.05564101	-.06796798	-.07476555	-.06887006
1985m7	.04877932	-.00580503	-.00534328	-.00208735	-.00710407	-.00214054	.02307075	.03729337	.01612623	.02083583
1985m8	.0629669	.0614589	.06531777	.07625072	.06078314	.06003457	.04820531	.07115197	.08907175	.07334254
1985m9	.02581567	.05387019	.02422486	.01919846	.02753894	.00281908	.0025344	-.00730368	-.02745516	-.01649836
1985m10	.06465686	.03176062	.05785262	.01716946	.05270788	.0507161	.05351634	.08964498	.09661571	.08014307
1985m11	.06504152	.03244695	.01362544	.00861005	.03409484	.00435596	.023306	.01762629	.01527967	.05541762
1985m12	.05622715	.02774776	.00186499	-.00466935	-.02682075	-.00647874	-.00841429	-.0252442	-.01616061	-.01652066
1986m1	.05440524	.06253676	.03007643	.02268506	.02243628	.0417329	.04712406	.04516621	.03006708	.01684428
1986m2	.11323738	.10541142	.07432793	.08643944	.06681354	.06752998	.07773022	.0750603	.08759503	.10098503
1986m3	.04565058	.03001021	.05290887	.01582546	.03648475	.04063252	.05193717	.06219887	.06869463	.08237276
1986m4	.07694153	.09978491	.07335706	.04141076	.05037741	.05365581	.04684179	.07175493	.0341215	.01634616
1986m5	.03260601	.03774476	.01418707	.02340173	.02814096	-.00490992	-.01718695	-.01707356	-.01468049	-.03483556
1986m6	.05836966	.06239139	.04843452	.04477116	.02882508	.03731469	.03722394	.02666159	.03303703	.04307618
1986m7	.05606253	.01332965	-.00703399	-.01041631	-.02426697	-.02702208	-.04098394	-.03981087	-.04438462	-.06298601
1986m8	.02038358	.01317813	.00847921	.01970989	.0460305	.01745355	.0288931	.03355237	.03741578	.05954671
1986m9	.02019142	-.01067175	-.01617537	-.02538577	-.01877875	-.00486647	-.03458331	-.04551931	-.04275942	-.06047839
1986m10	.10516596	.04498522	.06084296	.03897765	.04398668	.03877502	.04500439	.03956449	.04545368	.05716048
1986m11	.07462803	.05334453	.03815475	.07141182	.02396501	.03936387	.0412729	.03192116	.03605706	.02484022
1986m12	.06332756	.03462224	.04108123	.02001943	.02638015	.01974159	.03120433	.01423546	.01325408	.01586506
1987m1	.08715174	.08660882	.08450888	.10174319	.09434724	.09288054	.09162068	.09289809	.0944595	.09318324
1987m2	.14179344	.1240308	.08426944	.10091377	.09823703	.0995558	.12017594	.08209686	.08797815	.10463135
1987m3	.10209361	.12258167	.10074325	.10479707	.09543317	.101276	.05312779	.05976336	.05609075	.01176698
1987m4	.05000268	.04882767	.04991438	.05591464	.06265009	.03308521	.03905968	.03941128	.02751743	.0269514
1987m5	.15533533	.13924477	.09791024	.08157901	.10441134	.08181535	.07967126	.07429972	.07014174	.06755331
1987m6	.25312241	.21265489	.13260971	.12524558	.18187571	.10561111	.12555127	.08340455	.08909499	.05681742
1987m7	.36584537	.20675576	.16608485	.14108964	.129609	.10139888	.12641608	.08087189	.07032893	.04611853
1987m8	.00454242	-.02886929	-.03981263	-.03981111	-.02749876	-.03734028	-.04596417	-.04297105	-.04821289	-.04416886
1987m9	.06104446	.05333264	.05730699	.04542165	.04964229	.04775419	.04615153	.04981978	.05802716	.05570252
1987m10	-.14062406	-.1992797	-.21053676	-.21203192	-.22485612	-.23728502	-.24085833	-.25544596	-.29241866	-.27638762
1987m11	-.14871576	-.17076271	-.1680664	-.17046663	-.17554415	-.17661904	-.1711882	-.13569924	-.11928262	-.09721565
1987m12	.01510096	.02968251	-.00507499	.03746421	.05305	.05639779	.07562601	.12651746	.13867401	.13469217
1988m1	.04973651	.05326068	.08443751	.07284053	.07543428	.0822009	.08318145	.07986497	.0657018	.06696365
1988m2	.01043753	.01173029	-.00116737	.02439958	.0055348	-.00510518	-.00067034	.00199106	-.00011576	-.00817506
1988m3	-.01269244	-.00535179	-.01314781	-.00643261	.0100954	.01682316	-.00117888	.02263021	.00236547	-.00935172
1988m4	.06483502	.02732916	.05252652	.04417418	.03042831	.04534511	.029368	.04508694	.04331663	.05650585
1988m5	.03190925	.04125089	.01681116	.01659708	.03253526	.02237318	.03405377	.0286042	-.00054961	.00301642
1988m6	.04904212	.06730803	.06611041	.04648885	.04705148	.05012935	.03960415	.03332639	.05128123	.04403337
1988m7	.04563842	.04305635	.02612628	.0297203	.03185925	.02525532	.0106509	.0235435	.01508571	.01046687
1988m8	-.00105839	.00840622	-.02379685	-.03803137	-.04473243	-.03507583	-.050528	-.06550917	-.06583148	-.05741351
1988m9	.01722703	-.0093538	-.01343346	-.00663517	.01335011	.00634372	.0172305	.02468072	.04423609	.04896724
1988m10	.07324632	.0373666	.02267389	.02567959	.03036947	.03298556	.03477245	.03394594	.04254157	.03364001
1988m11	-.0000136	-.03170848	-.01648404	-.02720502	-.01417469	-.02377466	-.02873485	-.02451693	-.03521492	-.03470842
1988m12	-.0425945	-.027293	-.04498269	-.04379491	-.03573818	-.05009576	-.03870571	-.03262098	-.03467004	-.00789606
1989m1	.06609849	.09202433	.09763652	.09298033	.08134732	.11450786	.10238718	.10966393	.13349726	.13840594
1989m2	.04637142	.04229764	.03944773	.03610545	.03868332	.03156565	.04120189	.04355012	.00846118	-.00472129
1989m3	.0515969	.02971514	.02273298	.04099554	.0288293	.02492659	.02184686	.02946114	.02157935	.02746461
1989m4	.03359474	.02524258	.01803837	.01061764	.01041863	-.00152552	.01294513	.00376293	.00381005	.01908728
1989m5	.03493452	.01608851	.03843733	.0056882	.0009822	.00268113	-.00578058	-.01096299	.00822576	.01147109
1989m6	.00560817	-.00327023	.00052608	-.00623695	-.0038549	-.0086713	-.01290714	-.00147199	.00315333	.00468618
1989m7	.02761675	.01447872	.01474886	.02605593	.02213484	.03578794	.02844345	.04022928	.06052202	.07279881
1989m8	-.00788699	-.00474115	-.02331621	-.01759326	-.00934404	-.01505052	-.01090517	-1.618e-06	.01072868	.01974494
1989m9	-.02299925	-.02683237	-.01871975	-.01372664	-.03109626	-.02245171	-.01552069	-.01695335	-.01236645	-.03022629
1989m10	-.08600052	-.12057345	-.13193254	-.12161483	-.11671393	-.13325341	-.13282789	-.10815802	-.10574309	-.09107725
1989m11	-.01606898	-.01466422	-.03148612	-.01017764	-.01379108	-.00587591	-.00719498	.0119219	.03022141	.03716895
1989m12	.00935841	.01912082	.01933709	.01878499	.02438807	.02794753	.03085781	.03770751	.04410693	.05732835
1990m1	.02614813	.01050974	.0072964	.00304189	-.00481376	.01181699	.00765505	-.00091254	-.01532034	-.03084692
1990m2	-.0369727	-.0430612	-.04424156	-.04318558	-.04665802	-.03815208	-.03392181	-.04446996	-.04362017	-.04595746
1990m3	-.03206583	-.05083662	-.04062392	-.04031643	-.02905742	-.03490546	-.03901546	-.02408655	-.0066973	.00185382
1990m4	-.04398428	-.03993988	-.04617689	-.0537862	-.04193142	-.06524265	-.07059044	-.0681303	-.05671429	-.05268185
1990m5	.00973028	.00770336	.00707033	.02006272	.0271334	.05068384	.05124646	.07139984	.09060048	.11744165
1990m6	.00360696	-.01453082	-.00046764	.01774616	.0294524	.00948873	.03579745	.02661288	.0325883	.02466331
1990m7	-.034064	.01159422	-.02942827	-.00423635	-.02136033	-.02958712	-.02016317	-.01365308	-.01462932	-.02481058
1990m8	-.06556248	-.07917767	-.10532652	-.09554177	-.12085913	-.12075691	-.1321003	-.12423033	-.12869402	-.10242906
1990m9	-.08066715	-.08926583	-.10109927	-.11614584	-.09100319	-.11235956	-.09621187	-.09859225	-.09873924	-.08728697
1990m10	-.00447614	-.03084217	-.02582313	-.02055219	-.00259185	-.01265539	.0044979	.01664842	.02977447	.04025598
1990m11	-.03236363	-.05142443	-.02131972	-.06488509	-.03104857	-.01585139	-.02571421	.01433867	.02887765	.03381985
1990m12	-.02068677	-.01782954	-.00034772	-.01490331	-.02654419	-.01345499	-.00221916	.00436253	.01149213	.01502143
1991m1	-.05335833	-.07031991	-.05429997	-.01974121	-.04906276	-.05865343	-.04363707	-.04702125	-.03365962	-.00210389
1991m2	.14466496	.1266494	.13554738	.11463531	.17026431	.16552884	.16326873	.17796681	.17325949	.12661258
1991m3	.13849922	.10827589	.08963613	.09189733	.1265146	.11728195	.11727119	.0827338	.07290239	.02865932
1991m4	.02838172	.02645797	.00076491	-.00482474	.01051444	.0111031	.01311928	.00562191	.00060217	.00913097
1991m5	-.07919159	-.02416678	.00817192	-.04790127	-.02561166	-.01719223	-.0167242	-.02093465	-.02790199	-.01320231
1991m6	-.02956706	-.06314084	-.02533901	-.02920852	-.07113087	-.03082947	-.03293313	-.03941814	-.03764811	-.02543715
1991m7	.01541875	-.00633513	-.02036257	.03866788	.02917799	-.00569739	-.01044367	.01047726	.03330973	.06730455
1991m8	.04726471	.03569922	.01606566	.00941425	.01278169	.02389645	.03772352	.0435158	.0487416	.0294251
1991m9	.07166399	.08028481	.08194053	.06936917	.05078325	.08783503	.06976945	.0773581	.02290335	-.00494014
1991m10	.00673946	-.00263871	-.02013935	-.01584038	-.04502448	-.00466779	-.00628263	-.0101426	-.0202444	-.02274866
1991m11	.01025517	-.0190779	-.02144322	.01386007	-.0086254	-.04265813	-.0142204	-.02529262	-.05456279	-.06140873
1991m12	.01296432	-.03704316	-.04563588	-.03349128	-.02593968	-.0657844	-.03645666	-.05012011	-.02720286	.00928088
1992m1	.01783242	-.00502169	.01607113	.02077951	.01459886	.00073293	.01486825	.04072146	.06399223	.04870068
1992m2	.03375101	-.00018782	-.00488358	-.00506859	.00628495	.00068893	.02246535	.01030216	.01579707	.00944054
1992m3	-.03254293	-.07243244	-.05898125	-.04761114	-.03110911	-.05652924	-.05278658	-.04870696	-.04642837	-.04773733
1992m4	.08967655	.12740092	.09755152	.09438786	.10942094	.11348227	.10932489	.0983537	.14605785	.13755351
1992m5	.12355119	.09237479	.10157649	.05819886	.07224535	.0572492	.05521804	.0460492	.02069098	.00997293
1992m6	-.03810756	-.05577745	-.05033239	-.06786575	-.06286125	-.07110335	-.07370336	-.08825323	-.08173743	-.07047068
1992m7	-.06950126	-.0933461	-.09024719	-.09891332	-.09744017	-.14145994	-.11147582	-.1150406	-.12115925	-.08612398
1992m8	-.06000648	-.03724444	-.05727222	-.0596726	-.03566569	-.0777337	-.0902674	-.07061798	-.05648941	-.04261434
1992m9	.01141232	-.0035494	-.01086443	.01696609	-.01259496	.03211649	.04826286	.06890344	.10058987	.0933949
1992m10	.01036669	-.01666955	-.00842379	-.00696362	.00268561	-.01321417	.00422174	.02327182	.05625604	.04165371
1992m11	.12016369	.01101588	.04660985	.06364783	.01853821	.04720639	.03313743	.0301746	.05257338	.04763349
1992m12	.076864	.04924559	.0779144	.0823905	.08977576	.13223855	.09927957	.110494	.1005494	.05860591
1993m1	.14415451	.11861616	.05393554	.10645127	.08712997	.10478019	.10977301	.06718834	.04524742	.00242117
1993m2	.08495738	.07842779	.05671457	.07246016	.03491458	.04216339	.02590632	.02780841	.02685216	.02752428
1993m3	.07413424	.00813834	.0448817	.05606083	.04238517	.03344309	.0343381	.02898658	.03003596	.01724454
1993m4	.07141079	.06717288	.06645415	.0520709	.02172447	.04943351	.03247959	.03377941	.02117277	-.00156063
1993m5	.09447841	.05715767	.07213741	.05963747	.0483949	.05618984	.02740225	.00476721	.01137712	.00148361
1993m6	.04441404	.07310004	.01435773	.03678363	.02310445	.01277087	.00801543	.01753776	.0301212	.02003739
1993m7	.02093843	.01939273	.01383641	-.0072056	.00474331	.0082891	-.00601452	.00581046	.01512435	.02822909
1993m8	.11125324	.07145095	.07436382	.07903123	.08748163	.10257946	.0840343	.07405465	.07049534	.06909119
1993m9	.01384903	.02171533	.01847195	.02792344	.00809045	.00362491	-.00085816	-.01436585	-.02533165	-.02644309
1993m10	.05549907	.01519889	.02516052	.01818878	.0275377	.03793677	.01061073	.01526615	.0227373	.03577126
1993m11	.06455353	-.00687656	.0012781	-.01589198	-.01321628	-.02837128	-.02939126	-.03840074	-.00794858	.00246804
1993m12	.03922533	.04849924	.05643678	.06825439	.05843166	.04370126	.06572864	.05750225	.0861675	.0791623
1994m1	.16572311	.15226514	.13690574	.11866072	.12747861	.1086039	.09710573	.12309694	.0940944	.0475547
1994m2	.0500229	.02035496	.00792441	.01825525	.00128278	.01941129	.01929427	-.00913117	-.01927742	-.03713688
1994m3	-.00840373	-.0309078	-.02780873	-.05296432	-.05167051	-.0689971	-.05630024	-.06788972	-.05159143	-.05010648
1994m4	.06689503	.03558989	.02306941	.01161197	.02570304	.02716696	.0169556	.0161701	.00845283	.01863422
1994m5	.0015417	.01177664	-.00124555	-.02418074	.00634517	-.02583895	-.02721289	-.03484144	-.05103625	-.05331641
1994m6	-.04231213	-.04149794	-.02763926	-.046211	-.03754349	-.04376921	-.04705197	-.04930837	-.03922113	-.01474969
1994m7	.01769793	.01160852	.01263047	-.0046451	.00367704	.02973693	.03861613	.03409696	.06619919	.07136898
1994m8	.06117541	.05961655	.02745212	.04508373	.03913013	.0339408	.03671783	.03305634	.03890384	.0662467
1994m9	.00661846	-.00688894	-.02381249	-.02566008	-.01434539	-.0330143	-.03051494	-.05213303	-.07969099	-.07800806
1994m10	-.0362123	-.01272991	-.02736809	-.02751277	-.00622045	-.02057858	-.01144221	-.02038279	.00879375	.01595324
1994m11	.00031315	-.01492865	-.00570317	-.02031243	-.00235113	-.01116729	-.00677648	-.00767835	.00653512	.00128763
1994m12	.01602498	.00408638	-.01083092	-.00115391	-.00541831	-.00769118	-.00506858	-.00596967	-.00595498	.00469367
1995m1	-.0238309	-.00952521	.00300706	-.00560499	-.00963613	-.0054856	-.01391567	-.02199975	-.0235864	-.02774535
1995m2	-.044901	-.05357634	-.02758459	-.01523481	-.00597133	-.01211137	.00055043	-.0137685	-.00337297	.00719626
1995m3	.00719096	.00948305	-.01581451	.0032147	-.00822842	.00694447	.00731589	.03389305	.05200717	.025974
1995m4	.01410672	.02896184	.04294974	.00351559	.02574474	.02920135	.03976738	.0338289	.02741699	.02922799
1995m5	.06030406	.06825361	.05262193	.05558079	.05473545	.05765024	.05215423	.0552798	.03354167	.0497001
1995m6	-.00270752	-.00853743	.00080447	-.00940152	-.01036583	.00772838	-.01419792	-.00990083	-.01415008	-.00647438
1995m7	.05957285	.04433243	.02097279	.01824674	.03371144	.04613879	.0425844	.05635458	.07054831	.06847845
1995m8	.02269625	.02624406	.0491735	.03034179	.06543352	.03350439	.03700288	.02339832	.01498878	.01602759
1995m9	.01787862	.01000166	-.01002104	.00678723	.01895444	.00623143	.00205505	.01706375	.00373482	.00094439
1995m10	-.01255438	.00402742	-.00956576	-.00713017	-.00951602	.0126961	-.0051409	-.01686591	-.00573292	-.01150776
1995m11	.00877389	.0465074	.02299384	.01018291	.03602831	.01698009	-.00015109	.00018421	.0155319	.02036881
1995m12	.01517401	.00130536	.0153766	-.00074024	.01079974	.00290503	.01706085	-.0010945	.02022437	.01759174
1996m1	-.00503145	.02028191	.02564549	.01733309	.02603304	.03182477	.03068925	.04018647	.03271067	.02295868
1996m2	.02387818	.0287067	.02768073	.00603723	.01884427	.01812445	.03180194	.02536106	.01970171	.01397656
1996m3	.04720547	.0277521	.00522246	.03767786	.02725284	.04005791	.02378864	.0271508	.03310613	.02107722
1996m4	.06265169	.09980725	.07335163	.07161528	.06453586	.08285596	.07651084	.08050096	.06651864	.04588174
1996m5	.05948647	.04107599	.03232365	.02968688	.02347483	.0157389	.01116439	-.02093032	-.01154602	-.01444331
1996m6	-.02344642	-.0056399	-.02023384	-.01401487	-.02338722	-.01450681	-.01017536	-.01158797	-.01979429	-.01654297
1996m7	-.00094519	-.0061014	-.00040721	-.02903428	-.04627551	-.03790929	-.04995494	-.04473545	-.02991217	-.01292298
1996m8	.02756097	.02204527	.02134183	.02444418	.01933017	.02997704	.03468227	.0444002	.04053527	.04566749
1996m9	.01499022	.04089081	.01179639	.01692122	.00876481	.0090344	.00370829	-.00673352	.01163479	.00543717
1996m10	.03007832	-.01652587	.00535034	-.01472007	-.01472756	-.00040243	.00672929	.02263527	.0163485	.00184647
1996m11	.01149261	-.00135116	-.01120761	-.02066559	-.00294308	.01380493	.00567291	-.01241292	-.00012968	.01049455
1996m12	.015938	.02722133	-.0078916	.00151642	.01523585	.00144695	.0117198	.02094535	.00941813	.0205517
1997m1	.0617712	.06044288	.06545891	.06233634	.08127931	.05315812	.06456095	.04000638	.04169856	.00549434
1997m2	.04255507	.03535962	.03963053	.04657412	.01093447	.02808006	.01361651	.01979735	.00556007	.00489006
1997m3	.05027989	-.02434029	-.00591342	-.03899313	-.02407497	-.02529847	-.00611183	-.00327079	.00228574	-.00212661
1997m4	.04177309	.03661694	.00518362	.00235243	-.00338572	-.00776576	-.00516953	.00332075	-.01114447	-.00571602
1997m5	.00923393	-.00731255	-.02534232	-.01436832	-.01047281	-.01833523	-.01013208	-.01135625	-.00432151	.02396039
1997m6	.0207759	.00719096	-.01114938	-.02531421	-.02753851	-.03182556	-.0384095	-.02533581	-.01246656	-.00255075
1997m7	.0072932	-.00775275	-.00732046	-.01991932	.00108775	-.01495474	-.02632376	-.015003	-.00400316	.04469406
1997m8	.03974971	.01582934	.02651087	.01970387	.02275023	.04441595	.03985197	.06204724	.03806859	.01171564
1997m9	.03439892	.02499694	.01974781	.02732552	.05318201	.03756655	.05229131	.03905121	.05556966	.06002266
1997m10	.04319101	-.02352536	.00500728	.00883989	.02182532	.0199187	.01799683	-.01036533	-.04041668	-.04186458
1997m11	-.01212496	-.00912378	.00694479	-.02681369	-.01791779	-.01998352	-.01393417	-.02095142	-.00868263	.00624939
1997m12	.03976056	.01120749	.01762173	.00534233	.02278981	.02288015	.01107225	.01275285	.01684674	.02848005
1998m1	.01103531	.02699767	.0172284	.02423434	.02455844	.02837448	.01130501	.02297419	-.01062951	.01919686
1998m2	.07037549	.04580816	.05692531	.05452843	.04948228	.04601308	.04261746	.03287487	.07082223	.06557432
1998m3	.02815097	.05835209	.05852803	.05943546	.04546739	.06652745	.06736363	.07480905	.05699486	.06015165
1998m4	.01733052	-.00620534	.02011702	.02210624	.03753195	-.0001679	.00739132	.00571546	.02540069	.01621118
1998m5	.04672946	.08594321	.09690205	.06692502	.06226982	.06544022	.05458753	.04443132	.04098459	.01725346
1998m6	-.01391969	-.02636695	-.03521843	-.05821173	-.04310948	-.04862387	-.06670991	-.04327709	-.07842373	-.04584104
1998m7	-.00003824	-.06085013	-.05695717	-.0787901	-.07916858	-.07596809	-.07034131	-.05647772	-.03787278	-.02357395
1998m8	-.03527652	-.0788928	-.08827232	-.10088669	-.11268447	-.10022683	-.12244643	-.13734576	-.15497457	-.10873379
1998m9	-.04321777	-.05587745	-.03584748	-.06358833	-.08856498	-.03658197	-.05125907	-.09414566	-.06934422	-.03497305
1998m10	-.02267211	.00293089	-.04589044	-.02081352	.02311648	-.00899023	.00131881	.0196975	.0789623	.05477337
1998m11	.02821077	.02345688	.00031134	.02393911	-.02246909	.02686401	.05558987	.02388693	.0163051	.03453365
1998m12	.027408	.00237497	-.00123821	-.00534467	.01900052	.00565723	.0277603	.00582567	-.02193901	.00112047
1999m1	.02380611	.08475072	.03611384	.05644755	.06242185	.02691988	.04421409	.02882478	.0332873	.02356321
1999m2	.00700452	.0257361	.03358796	.0659756	.07635261	.10248127	.07731621	.07931562	.07058723	.03846401
1999m3	.02651448	.04636711	.07804292	.06401153	.06495082	.04831087	.0414878	.07873052	.06039112	.01920077
1999m4	.09005583	.11963235	.09443642	.09162834	.08811926	.08499078	.05842108	.08530427	.09157781	.05634972
1999m5	.01436392	.02981445	.00047846	-.0112471	-.00073311	.01185935	-.00590649	-.01676623	-.01034001	-.03049745
1999m6	.05493664	.04978653	.05549056	.05155579	.04594219	.04189513	.02893177	.04046826	.05078218	.03110526
1999m7	.08542248	.03934629	.03178665	.05030574	.02603124	.02008427	.05266414	.04019781	.02763378	.0051853
1999m8	.07650448	.07517954	.0386368	.05153975	.05060972	.0526827	.03287754	.04311061	.01668332	.00388388
1999m9	.01965352	-.00326787	-.00641047	-.01013082	-.0185662	-.02517395	-.04511852	-.04189532	-.06173859	-.06038587
1999m10	.03173685	.01929577	.01173716	.01643628	.00209151	-.00803501	-.00475422	-.01594324	-.00618866	-.01073627
1999m11	.15678621	.13733497	.0196043	.1327412	.12941258	.08733052	.05757517	.10516653	.10135854	.07531842
1999m12	.12133504	.03621368	.0806427	.08465333	.09083678	.06755507	.09955323	.03964038	.01847205	.03833392
2000m1	.11318027	.06530306	.07308849	.07017967	.05946351	.01428898	.04145291	-.01005386	-.04631822	-.07882638
2000m2	.05341766	.00005539	.0392719	.0663433	.01396043	.03936436	.0266535	-.00135832	-.01072173	.00473194
2000m3	.01035246	-.01706726	-.05003462	-.00318446	-.02401162	-.02821515	-.02167408	.04067196	.0313997	.06164714
2000m4	-.06777391	-.01972116	-.06258062	-.03489651	-.04507554	-.04380112	-.03388227	-.04679152	.00352566	.00525602
2000m5	-.00550626	-.02134244	.00374127	-.02646922	-.02452017	-.00793981	-.01274686	-.00523667	.0171553	.02030121
2000m6	.01939983	.03726729	.04691741	.04762801	.07792592	.08387746	.07447427	.06003622	.03605492	.04956624
2000m7	.00395758	.00766496	.01643366	.04189834	.00056687	-.00038877	.0232662	.02310841	.03968998	.01424069
2000m8	.04124407	.08607659	.04705882	.08651129	.05422094	.0600403	.06284659	.03588848	.05065195	.02890495
2000m9	-.00339456	-.0034988	-.00349619	-.00283869	-.03675649	-.02207352	-.03278665	-.04987215	-.04812837	-.0549424
2000m10	-.00780973	-.00803395	-.03908827	-.0366767	-.05117187	-.0014334	-.04238054	-.02539982	-.01615869	.01152958
2000m11	.00103075	-.0184656	-.00978517	-.01838973	.01438273	-.00117679	-.04143073	-.06018044	-.06501615	-.02355998
2000m12	.02526666	.02974848	.00543219	.00094817	.05038705	.02953692	.01870402	.03959752	.02939966	.02546595
2001m1	.03758113	.06261745	.05892992	.05183312	.04002655	.04553138	.06136833	.04310705	.05203385	.02264442
2001m2	.01126972	.00857173	-.00374537	-.01063926	-.0050428	-.02426902	-.04439555	-.04358442	-.02716671	-.03165771
2001m3	-.05070589	-.03645237	-.07611208	-.06962597	-.09262137	-.05394033	-.08136056	-.10469869	-.10534532	-.08175804
2001m4	.04390914	.07520897	.06187654	.06678494	.06048004	.04844003	.03336433	.07454578	.08819534	.04521334
2001m5	.02898439	.04928906	.04884987	.03503937	.05742105	.04761431	.01147551	.00738308	.02594939	.00822233
2001m6	.02554214	.0151874	-.02421607	-.00193149	-.03202611	-.05653805	-.0514265	-.05118681	-.08686806	-.04971609
2001m7	.02274132	-.00332492	-.05333944	-.04307165	-.06375739	-.05379086	-.06755507	-.06628559	-.06293047	-.04530396
2001m8	-.00761409	.0254732	.02713371	.00975056	-.0068906	.00735628	.01069386	.02309488	-.0130929	-.04099299
2001m9	-.09838029	-.13610015	-.1367255	-.14124563	-.14675589	-.16240757	-.20851337	-.23146323	-.18639181	-.15349094
2001m10	.04709327	.12510787	.06570477	.07241403	.06756457	.06703009	.08112172	.06814743	.09094692	.03842829
2001m11	.1399194	.09879422	.1122999	.13827766	.15309296	.12926573	.12263774	.08390045	.10869102	.06268793
2001m12	.02958374	-.00427773	.00165201	.01662053	.03644124	.02289138	.00770756	.01760423	.03001079	.00472016
2002m1	-.00647321	-.006591	.00743998	-.02261778	.00034918	-.00552121	-.02589233	.01256826	-.02630683	.00373936
2002m2	.02621876	.00762545	-.01783991	-.04468504	-.04061374	.00242329	-.04792008	.01419887	-.01540084	.00858252
2002m3	.05249485	.04465167	.04717874	.08450346	.06753423	.02765853	.04877591	.05745275	.03536831	.05135152
2002m4	.09023883	.02172949	.05587025	.02048341	.01738164	-.0113376	.0175796	.01950331	-.00337326	-.02237026
2002m5	.00606373	.05742781	.02034738	.01467613	-.00281174	.00333179	.01807894	-.00787195	-.03140039	-.0020414
2002m6	-.02204142	-.06795061	-.08667901	-.07562601	-.09997402	-.10278531	-.09370567	-.07586622	-.11231029	-.08625251
2002m7	-.04394663	-.04976642	-.04344405	-.09509456	-.08577499	-.1025998	-.11082528	-.12937138	-.14422488	-.10460594
2002m8	.0044562	-.02418499	-.03248866	-.02626319	-.02083074	.09414803	-.01597217	.00372093	.00351669	.00785543
2002m9	-.05265296	-.08903257	-.1043177	-.1219015	-.11875973	-.11903336	-.12219847	-.10472561	-.12408385	-.11490465
2002m10	.05438199	.01568618	.0260399	.00297966	-.00038136	-.00874737	-.0162218	.00081457	.04677408	.04087729
2002m11	.06438376	.1124618	.09307262	.09961001	.08145699	.08740308	.06474392	.06356999	.03019478	.01634757
2002m12	-.03259078	-.03964637	-.01088895	.00774659	-.02248177	-.02591043	-.03096739	-.04963989	-.05690513	-.04965347
2003m1	.01849859	-.0316415	-.02466526	-.06839756	-.0233585	-.05029402	-.07311045	-.02655378	-.07253024	-.08051751
2003m2	.02006956	-.00706884	-.00041393	-.020831	-.00196003	.02051661	-.0243979	-.00303218	-.00038306	.00476597
2003m3	-.00533418	.03242548	-.05063569	-.01997661	-.01267462	-.02269957	-.01437063	.00232107	-.00529693	-.00959316
2003m4	.02044636	.1143759	.09436141	.13504708	.11990189	.11541758	.10317602	.10326324	.13345826	.10804454
2003m5	.19370191	.1162579	.14132137	.14100105	.11461965	.14547366	.16727151	.10063769	.10958135	.06219364
2003m6	.11836478	.08166056	.07100219	.07786127	.0424858	.04965565	.04351455	.04234463	.03628289	.01310478
2003m7	-.0034667	.12014348	.09763258	.08866107	.11344015	.08554005	.07553853	.06702893	.07997347	.05693422
2003m8	.12370252	.13468998	.10238491	.07159202	.10610439	.06554728	.06177834	.04444286	.05422531	.03498251
2003m9	-.00323124	-.01660771	.02291177	.01536253	.02738416	-.01174854	-.00671059	-.01959497	-.01409066	-.02338645
2003m10	.05559698	.04981438	.07050208	.04689473	.07308543	.05643654	.03206523	.04552354	.04976229	.07516224
2003m11	.0194441	.01837584	.01824693	-.00215633	-.00431218	-.01668822	.02223592	-.00386536	.00655343	.00735128
2003m12	.02471375	.07557691	.04625025	.03957542	.04325787	.03019972	.00308111	.01375079	.02469535	.02460233
2004m1	.12122502	.07655076	.10203177	.05490015	.08140877	.08353828	.05791411	.04238172	.02480057	.01183712
2004m2	.04332024	.03573822	.0480528	.01775937	.03739012	.02435327	.03217209	.03686691	.04103933	.05427981
2004m3	-.04533083	-.03831179	-.04805519	-.0196021	-.03141453	-.00377398	-.01460221	.00484196	.00826682	-.01160594
2004m4	.02340314	.02147031	.01790199	-.00271871	.01145038	.00374697	-.00589988	.0019751	-.00517556	.00639922
2004m5	-.01591699	-.02716608	-.03945979	-.03089241	-.03575323	-.03739566	-.02924656	-.03678791	-.01502859	.00473934
2004m6	.07349518	.00903075	.05233789	.07474368	.03745581	.02434687	.05146696	.04067394	.03463248	.02871884
2004m7	-.06296938	-.02335139	.02733559	-.03272185	-.04164721	-.03551677	-.02596564	-.04318749	-.0454863	-.02834691
2004m8	.00818486	.00332164	.03654275	.00505843	.00010953	-.0025069	-.01123866	-.00106938	.01994295	.00319689
2004m9	.04228659	.03394333	.00756739	.00652066	.02683202	.04357652	.04879553	.02327198	.03835183	.02335379
2004m10	-.00634507	.04226211	.03856182	.04514448	.01997452	.02318983	.01756399	.002552	.01071824	.02049248
2004m11	-.00084457	.04847381	.02363935	.04217431	.0375878	.02001041	.04667875	.04385097	.04463804	.03574862
2004m12	.01160486	.04855203	.02141694	.03206172	.02272604	.04817806	.04715527	.05390589	.06147327	.02524282
2005m1	-.00926862	.0709602	.05594822	.04757045	.0256627	.05633525	.04189884	.03599492	.03050288	.01820714
2005m2	.06056553	.05636562	.06058806	.01666773	.0273978	.0241442	.00277241	.01997324	.02242165	.03017786
2005m3	.00950267	-.03603733	-.01204069	-.01802091	.0047515	-.01108806	-.00761619	-.00486171	-.01975512	-.01182512
2005m4	-.05770244	-.04648929	-.02895787	-.03288779	-.01685989	-.03791908	-.04711499	-.05876164	-.06230764	-.0244209
2005m5	.01612934	.01168639	.00510909	-.01143809	-.01257928	.02358091	.0424391	.05660111	.06425803	.04845991
2005m6	.02823212	.02841941	.03993821	.06779514	.03301861	.03305929	.03936668	.04448288	.03450217	.02980644
2005m7	-.00502791	.03137486	.01794319	.01706426	.05343207	.03502581	.04083893	.04042065	.01727064	.04283131
2005m8	-.00428053	.05649896	.01593325	.02820208	.02805815	.03513148	.02326796	.02083446	.01641937	.01144728
2005m9	.02161091	-.01009416	-.00995686	.00967691	-.02524335	.01616157	.02423987	.03262865	.03272746	.03114649
2005m10	-.03692887	-.08146617	-.03682671	-.02075424	-.04421854	-.03611268	-.0366291	-.03049293	-.02701871	-.03099
2005m11	.03371296	.04995463	.03203355	.05979097	.04590046	.06279337	.09486025	.08321894	.07569406	.04742562
2005m12	.00368414	-.00424582	.01363492	.03699501	.048899	.04000683	.04391716	.06100511	.05431255	.0546447
2006m1	-.01113759	.04695788	.0522113	.05499063	.07006266	.05584283	.04335018	.03245493	.04378976	.0286061
2006m2	.0204199	.01049746	.01843765	.02721689	.02686186	.02103136	.03928535	.03400324	.03557542	.02263413
2006m3	-.00156607	.04437969	-.00840335	.00978346	.01812268	.02549925	.03488101	.04195897	.047497	.03557827
2006m4	.01347953	.0247142	.01296161	.01520979	.0043185	.00312782	.00631199	-.00601926	.00664141	.00280447
2006m5	-.00550615	-.06925389	-.05701896	-.03976737	-.03923918	-.03936599	-.03654347	-.04189739	-.05461425	-.03577706
2006m6	-.01167983	-.02321209	.02818643	-.01642092	-.00072902	-.00578413	.01837158	.01379726	.02180143	.02426297
2006m7	.02005852	.01850344	.0169404	.01989618	-.0205683	-.00280056	-.0079664	-.00558541	.00236273	.02316016
2006m8	.05457256	.04317456	.03274196	.0341053	.01391978	.02531005	.02659012	.02349546	.03016248	.01968458
2006m9	.04951465	.03995099	.04564515	.03400956	.04171425	.02971097	.05964841	.04960466	.03669914	.03041272
2006m10	.02947996	.02675181	.0384764	.01718078	.02027699	.03420922	.04024862	.04256487	.03315824	.03830237
2006m11	-.02735914	.00023455	.00190299	-.01607033	-.00068228	.02251101	.03934084	.02817614	.02646631	.00140386
2006m12	.01238261	.07236455	.07838965	.07742968	.09811449	.06511799	.05563224	.05570257	.04556733	.03940159
2007m1	-.01129951	.02422404	.00516078	.03044017	.0171619	.02019271	-.00987601	-.01224491	-.01468472	.00164535
2007m2	-.01451552	-.00087299	.00708491	.0078951	.00708432	.0052043	.00632428	-.00055093	-.00265755	.00918176
2007m3	.00882755	.06770731	-.01102046	-.00385668	.01317284	.02868284	.04715896	.05808239	.05872361	.04795617
2007m4	.03349372	.04139642	.07043702	.03393101	.02269742	.01646203	.0084564	.02479092	.01478825	.01603414
2007m5	.02149659	-.00682437	.01112437	.01561436	.004926	.01544133	.01822424	.02516291	.02179104	.04057714
2007m6	-.01204326	.00558535	-.01075689	-.02562314	-.04597967	-.04391843	-.06324472	-.04965821	-.04071727	-.01744979
2007m7	-.04230555	-.0255408	-.05432185	-.01079823	-.02680599	-.02889265	-.009227	-.00783357	-.02823202	-.03960464
2007m8	-.05054932	-.0269853	-.04105617	-.00825627	-.02541987	-.03579627	-.00009258	-.0082716	-.00481863	.00601463
2007m9	-.02365386	-.02813478	-.05477378	-.04017087	-.04466339	-.05909326	-.06660227	-.03513094	-.01868794	.01526262
2007m10	.08029208	-.01567859	.0240324	.03396875	.02595247	.06954979	.08732069	.07634689	.0582813	.05257561
2007m11	-.0942374	-.13491885	-.1368736	-.11586372	-.12953216	-.12260891	-.08224551	-.06726881	-.07884233	-.03940094
2007m12	-.00803867	-.05206094	-.02857788	-.01985577	-.01171521	-.03399254	-.02103495	-.01506487	-.0060893	.00120803
2008m1	-.029854	-.0443761	-.09523379	-.08538082	-.11338434	-.06664854	-.06316994	-.07643809	-.09264825	-.06606418
2008m2	.03446653	.05298668	.07313411	.06431979	.04390166	.05381905	.04113932	.04355774	-.01920684	.00525688
2008m3	-.0284119	-.09838535	-.0662138	-.03705961	-.04810764	-.03586359	-.01026764	-.01352864	-.01087467	-.02546155
2008m4	.005618	.03795965	.0759678	.02659343	.04244376	.02260899	.00561005	.01496628	.00363835	.05051645
2008m5	.00217955	-.03505091	.0166765	-.01062284	-.01913131	-.00453691	-.00925164	.00786805	-.01369013	.02042952
2008m6	-.05799071	-.09896261	-.08097963	-.03069486	-.10186171	-.08112226	-.103723	-.09545553	-.1236985	-.06833969
2008m7	-.08821338	-.04952512	-.04340567	-.04600492	-.06469749	-.0310737	-.02905431	-.04209734	-.02387587	-.02755093
2008m8	.03579286	.02925028	.04264016	.02524178	.01846036	.09740406	.08071644	.06304059	.10940276	.0566644
2008m9	-.10587458	-.09312347	-.11477962	-.14584414	-.11944296	-.14703658	-.15200474	-.17336297	-.16563209	-.13492662
2008m10	-.13260211	-.22322361	-.22478798	-.23043882	-.19599123	-.18138101	-.24860888	-.25902431	-.1958681	-.12789534
2008m11	-.03119055	-.07430943	-.12450739	-.07706446	-.07743931	-.1063534	-.05328788	-.06561509	-.00562078	-.03167075
2008m12	-.02817805	-.07981921	-.08805243	-.04331336	.04903544	.02991338	.04720411	.08419632	.03948988	.05610531
2009m1	.01207896	.00051904	.0195163	.08078801	-.01904253	.02525092	-.02442622	.00741046	-.02198497	-.05230198
2009m2	-.03009981	.03089144	.05551957	-.03359406	-.01828093	-.03967531	-.04914943	-.01510936	-.01707858	-.02900358
2009m3	.02675611	.03081309	.0250222	.02778626	.02180835	.07944239	.02379122	.0981472	.05349378	.05428311
2009m4	.19286025	.37135969	.30155746	.40050174	.30609118	.33727281	.30913585	.24724085	.18087086	.10704774
2009m5	.03116224	.05158306	.07144317	.01950443	.06200178	.02802367	.07901109	.00966263	.03240905	.03723818
2009m6	.04508861	.02013255	.06524005	.00684664	.01208831	.0001994	-.04385842	-.00088822	-.02075339	-.01804933
2009m7	-.00799824	.0492937	.04353113	.04945021	.06404876	.09500721	.09412226	.08768043	.08035418	.09342506
2009m8	.04697015	.12233358	.17466103	.14864471	.16728755	.18467397	.11839456	.11858455	.10382219	.0549709
2009m9	.08354545	.0882698	.04345283	.1179752	.07519084	.0770458	.04850136	.04098408	.06298581	.04972778
2009m10	.12686982	.00551209	.01461428	.00015811	-.03782086	-.00880792	-.02078154	-.02328131	-.01670109	-.00940905
2009m11	-.01444165	-.05378689	.01509185	-.02001166	-.055589	-.03978985	-.0174059	.00961683	.02244581	.0547435
2009m12	-.04153971	.00888205	.00206889	-.01830153	.03362892	.04619826	.02782666	.04411749	.05287371	.05355968
2010m1	.02911835	.01668742	.02302456	.04154754	.04085677	-.00835461	.00212943	-.01475214	-.01649005	-.03511297
2010m2	.02999403	-.02533887	-.01932389	-.00119914	-.01297166	-.01049353	-.00575637	.02163503	.01719398	.03053738
2010m3	.0662612	.02081764	.02946379	.03365401	.02248638	.04221606	.08771964	.09439854	.10684023	.07825673
2010m4	.12512904	.09748287	.04034923	.03036478	.05042861	.03409392	.042774	.02074153	.00676981	-.00831996
2010m5	-.05767509	-.05721467	-.05343872	-.06677425	-.08256313	-.0780942	-.08585918	-.06281475	-.05903835	-.04884211
2010m6	-.02444897	-.03262239	.02552106	-.00428108	-.02022558	-.00151546	-.04214203	-.03241924	-.02964315	-.02762107
2010m7	.01166449	.01845661	.01312993	.03634551	.01817681	.05896962	.06026665	.06512999	.07803588	.05262944
2010m8	.03939894	.03130162	.00216206	-.01456367	.01274974	.00800224	-.03110997	-.00735127	-.01460854	-.00486831
2010m9	-.04896007	.02137109	.05828618	.10063526	.08385929	.07732856	.08354717	.06604324	.09455047	.08032196
2010m10	.0433029	.06689416	.0418956	.04541476	.02603875	.02295411	.04737448	.03327044	.04320703	.01266313
2010m11	-.00660138	.00812974	-.01926107	-.01254392	-.04049226	-.02968019	-.01498247	-.00856528	-.01613714	-.0181983
2010m12	.11038827	.09270702	.08000492	.07245224	.10427543	.11715717	.10566924	.10111917	.08863628	.08897269
2011m1	.04679722	-.00848711	.02662443	.03327535	.02813262	-.01882586	-.0116168	-.0143143	-.01082356	-.02336888
2011m2	-.04522744	.00065243	.01386295	.00517826	.01736106	-.0004389	.00425737	.00931206	.03409398	.02825595
2011m3	.00275742	.00970578	-.02915187	-.023777	.00631141	.01314114	.00071849	-.00854683	-.01688907	-.00860423
2011m4	.07477783	.01218427	.03269117	.01574014	.04075466	.05727649	.06564188	.04183672	.03613526	.0348538
2011m5	.05199306	.02643404	-.01312672	.01699708	.01650668	-.00791836	.01604092	.00709621	.00091443	.00105659
2011m6	-.01558984	.00075964	.02551104	-.00957175	-.01847119	.00799748	-.01558162	-.0039785	-.00870312	-.00533219
2011m7	-.01552069	-.01335883	-.01815397	.00808504	-.00120657	-.0233557	-.00457003	-.03754168	-.02407633	-.02292568
2011m8	-.11286627	-.07747304	-.0655112	-.08717802	-.0781747	-.11073798	-.08931354	-.09141484	-.08426848	-.03988155
2011m9	-.07059102	-.07836895	-.05735067	-.04843264	-.06244192	-.0669377	-.03965766	-.07073308	-.07758384	-.05438434
2011m10	-.04348828	-.01998836	-.00869722	-.00736439	.01556288	.06888341	.06243518	.07861253	.09138978	.07207091
2011m11	-.06426407	-.07065059	-.05958915	-.02872303	-.04117783	-.01247371	-.01484052	-.03348542	-.0216845	.01217451
2011m12	.10682053	-.04642321	-.02276243	.01809812	.00635032	-.04746814	-.02374848	-.03226792	-.01770968	.00074636
2012m1	.10813352	.04451558	.03618184	.09182731	.112548	.0683683	.12870667	.0815267	.05215981	.02364794
2012m2	.04971268	.07103592	.03665394	.0842426	.06213746	.08303109	.07734307	.06323886	.06363243	.04028266
2012m3	.03271807	.01198349	.01720491	.03062473	.01102485	.0157841	.01181361	-.00592249	.01456248	-.01115955
2012m4	-.03816033	-.01564748	-.01593765	.00939482	.00016197	-.011557	-.0052942	-.01456126	.00277849	-.00427589
2012m5	-.06426043	-.04184976	-.09627064	-.06552495	-.07219562	-.07589014	-.08515381	-.06940506	-.06976062	-.05332254
2012m6	-.02785835	-.03151954	.03104504	.03691396	.03098427	.01913171	.03368386	.04124848	.03899331	.03956199
2012m7	-.04159934	-.01606989	-.00549949	-.00679005	.01602036	.02926095	.00712059	.0224558	.02429741	.01449035
2012m8	.02120143	.04995625	.03465915	.063153	.0499189	.03317925	.05721081	.03156648	.01855623	.02832981
2012m9	.03996146	.05532532	.03175412	.0121443	.02562368	.04475785	.05645455	.02236746	.02920085	.01491202
2012m10	.04194878	.01167737	.01535536	.03354557	-.00163329	.00712142	.02136014	.03917146	.02269444	.00932575
2012m11	-.05789399	.02474981	-.01450441	.01318291	-.00568285	.0096731	.00504958	.01386283	.0167654	.01686556
2012m12	.04540847	.03304826	.01796102	.05727598	.06070533	.0454296	.03673827	.02638798	.02318842	-.00543162
2013m1	.02003236	.06410278	.05348431	.06897797	.05827267	.04889885	.05060827	.04908827	.06907282	.03655638
2013m2	.04359416	.02493313	.0350924	.02106727	.03295435	.04315487	.04348813	.04619763	.04199534	.01607898
2013m3	-.04199295	-.01836916	.03490557	.01959601	.01053562	.01476292	.00851639	.00563208	.00881125	.02350428
2013m4	.05021293	-.01186165	.02247206	.0091852	.0087443	.00030866	-.01459508	-.00289746	.00478385	-.01337487
2013m5	.01330308	.03677205	.04263155	.03397047	.06092321	.02426113	.02120074	.03559737	.03328607	.03217707
2013m6	-.0275474	.00026498	-.02302772	-.01339326	-.03196528	-.03134007	-.05117487	-.0408086	-.06399439	-.06335244
2013m7	.04456649	.03008668	.06919352	.07663785	.08368709	.07979562	.09127421	.07911219	.08448604	.07680589
2013m8	.0755165	.05097243	.04282772	.05611763	.02172204	.01012064	.0255398	.00697745	-.01925793	-.01062927
2013m9	.07325566	.05367754	.05751738	.03717976	.02260163	.01396871	.0131088	.01546112	.0163504	.00585792
2013m10	.07451181	.05346141	.02523371	.0195049	.03193506	.05120749	.04000996	.03616114	.0552267	.03281204
2013m11	-.00434251	.01860129	.00415528	-.00761012	.00200138	.01186778	.00797747	-.01022808	-.0229759	-.02092593
2013m12	-.01050641	.01901788	.02435853	.02725361	.02340712	.04096329	.02060322	.03024165	.03566492	.01634007
2014m1	.02200855	.05988452	.02695347	.00035067	.05153377	.01937662	-.01940996	-.03687922	-.01779015	-.02778929
2014m2	.040043	.03791194	.01069168	.03067527	.05071454	.05175434	.09104856	.07296657	.07300018	.05020703
2014m3	-.04640879	-.04206514	-.03080699	-.03444581	-.02604591	-.02502184	-.02208083	-.03045141	-.01503741	-.02259565
2014m4	-.00339189	.03252689	.03820696	.00759417	-.00295757	-.03936442	-.03664062	-.01936407	-.00107149	.02220697
2014m5	-.02194093	-.00328106	-.00143412	-.01112714	.01701901	.00761679	.01577337	.00850454	.02731576	.01425776
2014m6	.0033162	-.02080239	-.01625085	.00161854	-.00712524	-.02768876	-.0231877	-.02184031	-.01555915	-.01415236
2014m7	-.01152207	.00377285	-.00030742	-.02686371	-.00603698	-.02030983	-.01118867	-.01053631	-.02754833	-.00614821
2014m8	.24067055	.00045589	.00901217	.0221097	.00032749	.03995544	.01783592	.0293656	.03426861	.01873628
2014m9	.09687596	-.01456363	-.02253872	-.02927448	-.0342995	-.02960561	-.02413647	-.05156393	-.0362738	-.03026125
2014m10	-.05117314	-.0403255	-.03271232	-.02613913	-.02594742	.00963696	-.02223555	.01338731	.01965734	-.01427828
2014m11	.00307002	.02386694	-.01720809	.00954715	-.01741283	.03207416	.00084733	.03780775	.04175407	.04732155
2014m12	.01709712	-.0223863	.02877596	.0204583	.00579956	.02438674	.02445594	.00864324	.00974581	-.00858439
2015m1	-.01496163	.00529771	-.00737303	.00206047	-.02154906	.02793559	-.02616922	.01447511	.03439429	.02977574
2015m2	.00205739	.06531891	.03797034	.04306285	.08975677	.06014376	.08379705	.06851593	.04126864	.04574065
2015m3	.14504131	-.01383859	-.02724511	.01896344	.00909227	.00207738	-.0593503	-.01207374	-.00708514	-.02790992
2015m4	.05893729	.03442409	.05614449	.03172524	.02728003	.04306243	.03956576	.03633009	.02845019	.03778757
2015m5	.0424177	.05856597	.04252822	.03454733	.04650333	.04524361	.04646761	.0393468	.03354531	.00867198
2015m6	-.00242424	.02451764	.01752422	-.02199647	-.02467301	-.02174617	-.02511688	-.03848175	-.05281447	-.06588449
